30-Mar-2023 15:41:53 580.00 300.00 0.00 1e-09 1242707458103.374023 2297375896144.881836 78.2465     0.479384      3.87742      82.6033
30-Mar-2023 15:43:20 580.00 300.00 0.00 1.77828e-09 1257769924700.015137 2363237751176.990234 186.5313      0.492971      4.159814      191.1841
30-Mar-2023 15:44:35 580.00 300.00 0.00 3.16228e-09 1390816696500.223145 2361816562391.118164 192.4938     0.4926429      6.233036      199.2195
30-Mar-2023 15:46:07 580.00 300.00 0.00 5.62341e-09 1315536158092.330078 2331593801734.287109 103.7071     0.4858566      7.420944      111.6139
30-Mar-2023 15:47:30 580.00 300.00 0.00 1e-08 1293678973298.661133 2365027298839.843750 276.7602     0.4933908      18.55635      295.8099
30-Mar-2023 15:48:46 580.00 300.00 0.00 1e-09 1275058044463.909424 2362110026049.004883 162.3086      1.558161      2.999622      166.8664
30-Mar-2023 15:50:00 580.00 300.00 0.00 1.77828e-09 1474889379728.422363 2360777148347.658203 277.3169      1.557095      7.165573      286.0396
30-Mar-2023 15:51:17 580.00 300.00 0.00 3.16228e-09 1239079174348.355713 2359049983358.722168 169.9059      1.556012      5.010311      176.4723
30-Mar-2023 15:52:36 580.00 300.00 0.00 5.62341e-09 1352489435568.495850 2358192500761.979492 159.3563      1.555422      7.248757      168.1604
30-Mar-2023 15:53:50 580.00 300.00 0.00 1e-08 1293663912832.831543 2364776224045.518066 276.3764       1.56008      18.59833      296.5348
30-Mar-2023 15:55:20 580.00 300.00 0.00 1e-09 1464039765318.703125 2358207803317.021484 272.886      4.918893      7.652621      285.4575
30-Mar-2023 15:56:32 580.00 300.00 0.00 1.77828e-09 1260559939194.254150 2362398569620.407227 207.5178      4.927947      4.871642      217.3174
30-Mar-2023 15:57:47 580.00 300.00 0.00 3.16228e-09 1386972872828.869385 2360809219013.906250 204.5259      4.924519      7.035465      216.4858
30-Mar-2023 15:59:25 580.00 300.00 0.00 5.62341e-09 1308202388530.817871 2336040229738.558594 116.2364      4.880678      6.874067      127.9911
30-Mar-2023 16:00:36 580.00 300.00 0.00 1e-08 1294127933924.658691 2364046825052.218262 278.0185      4.931951      18.40238      301.3528
30-Mar-2023 16:01:47 580.00 300.00 0.00 1e-09 1296634445096.623291 2354374647848.369629 259.9524      15.56784       8.22697      283.7472
30-Mar-2023 16:02:57 580.00 300.00 0.00 1.77828e-09 1296634107206.931641 2354418362249.676758 259.9521       15.5682      14.62985      290.1501
30-Mar-2023 16:04:08 580.00 300.00 0.00 3.16228e-09 1296634401736.162842 2354444269421.255859 259.952      15.56843      26.01596      301.5364
30-Mar-2023 16:05:20 580.00 300.00 0.00 5.62341e-09 1296633711989.708008 2354444452507.661133 259.952      15.56843      46.26365      321.7841
30-Mar-2023 16:06:32 580.00 300.00 0.00 1e-08 1296634354664.985107 2354447040147.790039 259.952      15.56845       82.2697      357.7902
30-Mar-2023 16:07:43 580.00 300.00 0.00 1e-09 1324890265606.996338 2316988667742.261719 152.0033      48.44701      2.786139      203.2365
30-Mar-2023 16:08:57 580.00 300.00 0.00 1.77828e-09 1267310898431.851074 2344185142931.376465 176.616      48.91028      4.097485      229.6238
30-Mar-2023 16:10:14 580.00 300.00 0.00 3.16228e-09 1269709256375.371582 2350528634833.301270 180.797      49.03647       3.68542      233.5189
30-Mar-2023 16:11:27 580.00 300.00 0.00 5.62341e-09 1294017223159.746338 2356027627455.434570 280.3845      49.15712      12.24187      341.7835
30-Mar-2023 16:12:38 580.00 300.00 0.00 1e-08 1299568884964.247559 2351958902366.458984 239.5189      49.17845      13.72356      302.4209
30-Mar-2023 16:14:03 590.00 300.00 0.00 1e-09 1421361033453.666260 2331979349554.645996 114.1696      0.487143      3.997035      118.6537
30-Mar-2023 16:15:20 590.00 300.00 0.00 1.77828e-09 1506490769955.081055 2360884281758.412598 325.2637     0.4925051      7.424746       333.181
30-Mar-2023 16:16:46 590.00 300.00 0.00 3.16228e-09 1258428460406.177490 2341391952100.726074 131.4833      0.488133       5.84215      137.8136
30-Mar-2023 16:19:04 590.00 300.00 0.00 5.62341e-09 1213813605872.443848 2265933781824.374023 107.2248     0.4713032      7.891791      115.5879
30-Mar-2023 16:20:27 590.00 300.00 0.00 1e-08 1313266619427.547363 2360132969909.854980 159.9821     0.4923552      9.162267      169.6367
30-Mar-2023 16:22:08 590.00 300.00 0.00 1e-09 1443743053020.182373 2321613421275.861328 118.4372      1.533216      4.197754      124.1682
30-Mar-2023 16:23:24 590.00 300.00 0.00 1.77828e-09 1264278888798.878418 2362720527528.787598 180.7687      1.558868      4.648956      186.9765
30-Mar-2023 16:24:42 590.00 300.00 0.00 3.16228e-09 1265993120171.466064 2360117224866.065918 157.0086      1.556935      4.816909      163.3824
30-Mar-2023 16:26:05 590.00 300.00 0.00 5.62341e-09 1333718780700.886475 2360288988540.166992 159.3731      1.557004       6.30833      167.2384
30-Mar-2023 16:27:36 590.00 300.00 0.00 1e-08 1340467162462.083984 2352412452829.210449 143.2587      1.551478      10.38891      155.1991
30-Mar-2023 16:28:51 590.00 300.00 0.00 1e-09 1254044246655.892090 2360268125811.000000 172.0475      4.924517      2.731281      179.7033
30-Mar-2023 16:30:21 590.00 300.00 0.00 1.77828e-09 1243765773023.532959 2311863256948.452148 99.11239      4.816914      4.421768      108.3511
30-Mar-2023 16:31:38 590.00 300.00 0.00 3.16228e-09 1267931508981.238770 2362637731809.433594 209.0371      4.929432      6.347874      220.3145
30-Mar-2023 16:33:15 590.00 300.00 0.00 5.62341e-09 1231169430096.811035 2323216184883.476562 145.507      4.841785      7.490686      157.8395
30-Mar-2023 16:34:30 590.00 300.00 0.00 1e-08 1294513793597.169434 2363810433162.890137 266.4931      4.932224      20.65446      292.0797
30-Mar-2023 16:35:46 590.00 300.00 0.00 1e-09 1378316137875.577148 2346563229265.003418 193.9899      15.51633      3.408213      212.9144
30-Mar-2023 16:37:00 590.00 300.00 0.00 1.77828e-09 1478936495592.659180 2354038085548.025391 286.9615      15.53046      6.274717      308.7667
30-Mar-2023 16:38:15 590.00 300.00 0.00 3.16228e-09 1377255155258.616943 2352662104673.149414 240.9673       15.5567      7.259979       263.784
30-Mar-2023 16:39:30 590.00 300.00 0.00 5.62341e-09 1392515224970.458008 2354218467701.476562 242.9421      15.56552      9.487389       267.995
30-Mar-2023 16:40:44 590.00 300.00 0.00 1e-08 1295536888033.884521 2361339912447.239258 269.6868      15.58148      20.70901      305.9773
30-Mar-2023 16:42:25 590.00 300.00 0.00 1e-09 1422447581551.818604 2155966030486.703613 116.6974      45.04806      4.796452      166.5419
30-Mar-2023 16:43:38 590.00 300.00 0.00 1.77828e-09 1302570308460.422363 2353885875883.835938 341.0644       49.1238      6.738112      396.9263
30-Mar-2023 16:44:59 590.00 300.00 0.00 3.16228e-09 1360413467347.529541 2349768912010.081055 192.5759      49.02894      5.888368      247.4932
30-Mar-2023 16:46:15 590.00 300.00 0.00 5.62341e-09 1408458577310.251709 2347582370737.870605 261.9986       49.0828      9.035107      320.1165
30-Mar-2023 16:47:28 590.00 300.00 0.00 1e-08 1283921867963.094727 2350952661877.677734 176.9648      49.04929      6.496727      232.5108
30-Mar-2023 16:48:41 600.00 300.00 0.00 1e-09 1362520059640.918945 2355829978523.637695 183.4963     0.4926158      3.810113      187.7991
30-Mar-2023 16:49:53 600.00 300.00 0.00 1.77828e-09 1549726717689.042969 2355695706707.692383 568.2601     0.4925822      8.095394      576.8481
30-Mar-2023 16:51:17 600.00 300.00 0.00 3.16228e-09 1230666754259.274902 2340615488410.646484 163.8272     0.4880791      6.435473      170.7507
30-Mar-2023 16:52:31 600.00 300.00 0.00 5.62341e-09 1259846770947.935791 2362954402413.783691 200.9361     0.4930724      5.185561      206.6147
30-Mar-2023 16:53:45 600.00 300.00 0.00 1e-08 1274057487349.711914 2361774713558.363281 180.6386     0.4927994      7.707407      188.8388
30-Mar-2023 16:54:57 600.00 300.00 0.00 1e-09 1263093953988.593750 2357345557022.436035 207.026      1.559002       3.54739      212.1324
30-Mar-2023 16:56:08 600.00 300.00 0.00 1.77828e-09 1531626408491.388672 2355160943859.189941 572.2769      1.557437      8.899149      582.7335
30-Mar-2023 16:57:23 600.00 300.00 0.00 3.16228e-09 1262279693083.308838 2362460962112.036621 176.8077      1.558885      4.253116      182.6198
30-Mar-2023 16:59:01 600.00 300.00 0.00 5.62341e-09 1339308462056.290527 2328493595927.791504 93.50955      1.534723      7.917992      102.9623
30-Mar-2023 17:00:44 600.00 300.00 0.00 1e-08 1306293261509.424561 2321028926790.273438 101.9699        1.5295      10.89168       114.391
30-Mar-2023 17:02:14 600.00 300.00 0.00 1e-09 1312900843368.143066 2333417942763.799805 104.8567      4.876982      4.231479      113.9652
30-Mar-2023 17:03:26 600.00 300.00 0.00 1.77828e-09 1406661299929.733398 2355138673219.998047 306.0062      4.925067      5.845843      316.7771
30-Mar-2023 17:04:40 600.00 300.00 0.00 3.16228e-09 1504963172394.711426 2354739506912.660156 405.8777      4.923816      6.969812      417.7713
30-Mar-2023 17:05:54 600.00 300.00 0.00 5.62341e-09 1287669287593.066162 2358819849499.682617 157.5536      4.921531      6.577081      169.0522
30-Mar-2023 17:07:44 600.00 300.00 0.00 1e-08 1288966718226.160400 2279699715024.247559 91.98116      4.744805      11.37022      108.0962
30-Mar-2023 17:09:18 600.00 300.00 0.00 1e-09 1337172215408.759033 2320975096913.250000 124.9025       15.3428      4.181171      144.4265
30-Mar-2023 17:10:46 600.00 300.00 0.00 1.77828e-09 1264594078218.329102 2323171994034.209961 117.3284      15.35578      4.241337      136.9255
30-Mar-2023 17:11:58 600.00 300.00 0.00 3.16228e-09 1342050577217.804932 2358457412758.795410 180.9699      15.56275      5.589171      202.1218
30-Mar-2023 17:13:14 600.00 300.00 0.00 5.62341e-09 1285690730586.156006 2361306540961.628418 260.3816      15.58264       8.66195      284.6262
30-Mar-2023 17:14:28 600.00 300.00 0.00 1e-08 1288813915925.342285 2358620737469.346680 175.8268      15.56323        6.8178      198.2078
30-Mar-2023 17:15:38 600.00 300.00 0.00 1e-09 1301356735510.805664 2348452507858.699707 316.4139      49.02541      6.661366      372.1007
30-Mar-2023 17:16:50 600.00 300.00 0.00 1.77828e-09 1301356739996.418945 2348463074523.078125 316.4139      49.02564      11.84577      377.2853
30-Mar-2023 17:18:01 600.00 300.00 0.00 3.16228e-09 1301356715758.693115 2348472752464.423340 316.4139      49.02586      21.06509      386.5049
30-Mar-2023 17:19:12 600.00 300.00 0.00 5.62341e-09 1301356718849.541016 2348496915959.426758 316.414      49.02639      37.45961         402.9
30-Mar-2023 17:20:23 600.00 300.00 0.00 1e-08 1301356723343.281250 2348527199015.148438 316.414      49.02706      66.61366      432.0547
30-Mar-2023 17:21:29 610.00 300.00 0.00 1e-09 1409458642117.142090 2357921036237.168945 566.5567     0.4943379    0.06584601      567.1169
30-Mar-2023 17:22:36 610.00 300.00 0.00 1.77828e-09 1409473726683.880371 2357939933046.565430 566.5831     0.4943424     0.1427954      567.2202
30-Mar-2023 17:23:47 610.00 300.00 0.00 3.16228e-09 1311026813257.369141 2365556220277.937012 344.0804     0.4937264      18.76266      363.3367
30-Mar-2023 17:24:57 610.00 300.00 0.00 5.62341e-09 1311026851251.869141 2365557977083.624023 344.0804     0.4937268      33.36526      377.9394
30-Mar-2023 17:26:10 610.00 300.00 0.00 1e-08 1311026875701.278564 2365559540740.286621 344.0805     0.4937272      59.33275      403.9069
30-Mar-2023 17:27:16 610.00 300.00 0.00 1e-09 1409503239290.928223 2357854455915.897949 566.6358      1.563192    0.06520004      568.2642
30-Mar-2023 17:28:22 610.00 300.00 0.00 1.77828e-09 1409519866247.728027 2357884696299.364258 566.6653      1.563213     0.1406922      568.3692
30-Mar-2023 17:29:33 610.00 300.00 0.00 3.16228e-09 1310850450200.347168 2365178429745.241211 343.5866       1.56106      18.81381      363.9615
30-Mar-2023 17:30:44 610.00 300.00 0.00 5.62341e-09 1310850479216.371338 2365180178877.350586 343.5867      1.561062      33.45621       378.604
30-Mar-2023 17:31:54 610.00 300.00 0.00 1e-08 1310850521565.043945 2365181919952.791992 343.5867      1.561063      59.49448      404.6423
30-Mar-2023 17:33:01 610.00 300.00 0.00 1e-09 1409648924818.012695 2357647974707.875000 566.8938      4.942835    0.06313808      571.8998
30-Mar-2023 17:34:11 610.00 300.00 0.00 1.77828e-09 1310300177824.429443 2363975064595.468262 342.0355      4.934089      10.67161      357.6412
30-Mar-2023 17:35:30 610.00 300.00 0.00 3.16228e-09 1310300176482.351318 2363973041964.963867 342.0355      4.934084       18.9771      365.9467
30-Mar-2023 17:36:40 610.00 300.00 0.00 5.62341e-09 1310300205782.105225 2363975764420.354980 342.0355      4.934091      33.74659      380.7162
30-Mar-2023 17:37:52 610.00 300.00 0.00 1e-08 1310300221833.224121 2363977191156.309570 342.0356      4.934095      60.01086      406.9805
30-Mar-2023 17:39:02 610.00 300.00 0.00 1e-09 1308662810371.532715 2360016961644.329590 337.2344      15.57782      6.169436      358.9816
30-Mar-2023 17:40:11 610.00 300.00 0.00 1.77828e-09 1308662809157.020508 2360013280192.079102 337.2344      15.57779      10.97098      363.7831
30-Mar-2023 17:41:23 610.00 300.00 0.00 3.16228e-09 1308662817707.559082 2360013677726.041016 337.2344      15.57779      19.50947      372.3217
30-Mar-2023 17:42:33 610.00 300.00 0.00 5.62341e-09 1308662838978.988525 2360021470467.817383 337.2344      15.57786      34.69329      387.5056
30-Mar-2023 17:43:43 610.00 300.00 0.00 1e-08 1308662854434.884521 2360032162867.163086 337.2345      15.57794      61.69436      414.5068
30-Mar-2023 17:44:53 610.00 300.00 0.00 1e-09 1304479011648.194336 2345556681423.736328 323.1719      48.97428      6.756197      378.9023
30-Mar-2023 17:46:02 610.00 300.00 0.00 1.77828e-09 1304479024484.653564 2345573073613.659180 323.1719      48.97465      12.01441      384.1609
30-Mar-2023 17:47:11 610.00 300.00 0.00 3.16228e-09 1304479065751.516846 2345593939683.843262 323.1719      48.97512      21.36497       393.512
30-Mar-2023 17:48:23 610.00 300.00 0.00 5.62341e-09 1304479090290.834717 2345619994961.369629 323.1719       48.9757      37.99289      410.1405
30-Mar-2023 17:49:33 610.00 300.00 0.00 1e-08 1304479110071.587158 2345652958187.793457 323.172      48.97645      67.56197      439.7104
30-Mar-2023 17:50:54 1350.00 300.00 0.00 1e-09 1345314631718.252686 2335579085950.111328 360.6309     0.4915847      20.48933      381.6118
30-Mar-2023 17:52:08 1350.00 300.00 0.00 1.77828e-09 1345314667438.202148 2335573591697.041016 360.6309     0.4915816      36.43575      397.5582
30-Mar-2023 17:53:18 1350.00 300.00 0.00 3.16228e-09 1345314646647.119629 2335575699757.414551 360.6309     0.4915827      64.79294      425.9154
30-Mar-2023 17:54:30 1350.00 300.00 0.00 5.62341e-09 1345314633183.783447 2335577265981.477539 360.6309     0.4915836      115.2199      476.3424
30-Mar-2023 17:55:42 1350.00 300.00 0.00 1e-08 1345314626537.236816 2335578718595.443848 360.6309     0.4915844      204.8933      566.0157
30-Mar-2023 17:57:00 1350.00 300.00 0.00 1e-09 1345133625971.792236 2332051898420.743652 360.0686      1.552204      20.54955      382.1704
30-Mar-2023 17:58:18 1350.00 300.00 0.00 1.77828e-09 1345133705945.372803 2332048623302.571777 360.0686      1.552198      36.54285      398.1637
30-Mar-2023 17:59:33 1350.00 300.00 0.00 3.16228e-09 1345133676945.714600 2332049713315.732422 360.0686        1.5522      64.98339      426.6042
30-Mar-2023 18:00:49 1350.00 300.00 0.00 5.62341e-09 1345133656459.125000 2332050526032.219238 360.0686      1.552201      115.5586      477.1794
30-Mar-2023 18:02:06 1350.00 300.00 0.00 1e-08 1345133640450.997803 2332051280680.687012 360.0686      1.552203      205.4955      567.1163
30-Mar-2023 18:03:25 1350.00 300.00 0.00 1e-09 1344693500709.105713 2321067008532.044922 358.6659      4.886044      20.77172      384.3236
30-Mar-2023 18:04:43 1350.00 300.00 0.00 1.77828e-09 1344693618945.228760 2321069954217.613281 358.6659      4.886053      36.93792      400.4898
30-Mar-2023 18:06:03 1350.00 300.00 0.00 3.16228e-09 1344693582685.030273 2321069235078.542969 358.6659      4.886051      65.68594      429.2379
30-Mar-2023 18:07:21 1350.00 300.00 0.00 5.62341e-09 1344693554462.323486 2321068580188.238281 358.6659      4.886049       116.808      480.3599
30-Mar-2023 18:08:40 1350.00 300.00 0.00 1e-08 1344693526515.706299 2321067809428.073242 358.6659      4.886047      207.7172      571.2691
30-Mar-2023 18:09:54 1350.00 300.00 0.00 1e-09 1344479591548.633301 2284402937366.936523 357.9234      15.21813       21.7886      394.9301
30-Mar-2023 18:11:07 1350.00 300.00 0.00 1.77828e-09 1344479577399.962158 2284383225428.980469 357.9234      15.21797      38.74623      411.8876
30-Mar-2023 18:12:18 1350.00 300.00 0.00 3.16228e-09 1344479579736.397217 2284390123170.655273 357.9234      15.21803      68.90161       442.043
30-Mar-2023 18:13:29 1350.00 300.00 0.00 5.62341e-09 1344479583628.354492 2284393587931.477539 357.9234      15.21805      122.5263      495.6678
30-Mar-2023 18:14:41 1350.00 300.00 0.00 1e-08 1344479588434.006348 2284398040821.587891 357.9234      15.21809       217.886      591.0275
30-Mar-2023 18:15:56 1350.00 300.00 0.00 1e-09 1341211238196.494141 2234094753669.894043 346.609      47.07118       12.0547      405.7349
30-Mar-2023 18:17:09 1350.00 300.00 0.00 1.77828e-09 1355419537002.462402 2168425953203.962646 389.6427      45.72429      48.35162      483.7186
30-Mar-2023 18:18:21 1350.00 300.00 0.00 3.16228e-09 1355419523103.692139 2168425478237.043457 389.6427      45.72443       85.9827      521.3499
30-Mar-2023 18:19:33 1350.00 300.00 0.00 5.62341e-09 1355419509432.930176 2168426147167.861084 389.6427      45.72446      152.9013      588.2685
30-Mar-2023 18:20:48 1350.00 300.00 0.00 1e-08 1355419505443.418457 2168426375577.343994 389.6427      45.72448      271.9012      707.2684
30-Mar-2023 18:22:00 1200.00 300.00 0.00 1e-09 1343575843191.654785 2337187426294.112305 308.9248     0.4921474      10.00592      319.4229
30-Mar-2023 18:23:13 1200.00 300.00 0.00 1.77828e-09 1345160525013.903320 2341447321679.067871 369.1187      0.492487      7.677416      377.2886
30-Mar-2023 18:24:23 1200.00 300.00 0.00 3.16228e-09 1353464832837.429199 2341129243174.318359 390.552     0.4924076      49.66084      440.7053
30-Mar-2023 18:25:34 1200.00 300.00 0.00 5.62341e-09 1353464820316.903809 2341135100250.471680 390.552     0.4924105      88.31085      479.3553
30-Mar-2023 18:26:45 1200.00 300.00 0.00 1e-08 1353464819574.651367 2341138751822.336914 390.552     0.4924122      157.0414      548.0858
30-Mar-2023 18:28:09 1200.00 300.00 0.00 1e-09 1328988998683.776367 2333353069165.695312 166.3228      1.551275      4.277844      172.1519
30-Mar-2023 18:29:33 1200.00 300.00 0.00 1.77828e-09 1276521407947.871826 2335487448789.686035 188.6502      1.553062      11.42797      201.6312
30-Mar-2023 18:30:52 1200.00 300.00 0.00 3.16228e-09 1353265173471.259521 2338182650066.965820 389.9701      1.555156      49.81033      441.3356
30-Mar-2023 18:32:09 1200.00 300.00 0.00 5.62341e-09 1353265153833.312012 2338187095285.147949 389.9701      1.555164      88.57669       480.102
30-Mar-2023 18:33:25 1200.00 300.00 0.00 1e-08 1353265148389.392090 2338189875502.965332 389.9701      1.555168      157.5141      549.0394
30-Mar-2023 18:34:53 1200.00 300.00 0.00 1e-09 1358933444734.208008 2330739176208.384277 221.164      4.900962      5.951892      232.0169
30-Mar-2023 18:36:20 1200.00 300.00 0.00 1.77828e-09 1356961718274.281738 2332073625224.134766 202.1996      4.903589      6.816696      213.9199
30-Mar-2023 18:37:40 1200.00 300.00 0.00 3.16228e-09 1352733059203.655762 2329100215054.041016 388.4171      4.898884      50.34562      443.6616
30-Mar-2023 18:39:01 1200.00 300.00 0.00 5.62341e-09 1352733028111.796875 2329102043432.540039 388.4172      4.898889      89.52857      482.8446
30-Mar-2023 18:40:21 1200.00 300.00 0.00 1e-08 1352733013845.914307 2329103293501.978516 388.4172      4.898892      159.2068      552.5229
30-Mar-2023 18:41:38 1200.00 300.00 0.00 1e-09 1439074278866.179199 2313956095844.005371 375.6947      15.38742      7.153505      398.2356
30-Mar-2023 18:42:55 1200.00 300.00 0.00 1.77828e-09 1335231408643.242432 2309969962691.498047 329.8693      15.36982      10.80858      356.0477
30-Mar-2023 18:44:08 1200.00 300.00 0.00 3.16228e-09 1352049175968.651367 2300900122051.128906 386.3762      15.31046      52.66544      454.3521
30-Mar-2023 18:45:22 1200.00 300.00 0.00 5.62341e-09 1352049190569.361328 2300900858705.043945 386.3762      15.31047      93.65387      495.3405
30-Mar-2023 18:46:34 1200.00 300.00 0.00 1e-08 1352049209497.200195 2300901269571.289062 386.3762      15.31048      166.5428      568.2294
30-Mar-2023 18:47:52 1200.00 300.00 0.00 1e-09 1360386750906.270508 2282235181687.396484 295.4562      48.02101      6.866427      350.3436
30-Mar-2023 18:49:18 1200.00 300.00 0.00 1.77828e-09 1334865351172.755615 2269811858620.317383 180.1648      47.72229      6.822193      234.7093
30-Mar-2023 18:50:34 1200.00 300.00 0.00 3.16228e-09 1336749104184.741211 2261276734496.358398 334.524       47.6083      17.50887      399.6411
30-Mar-2023 18:51:49 1200.00 300.00 0.00 5.62341e-09 1359046864733.082275 2200968884249.508789 406.481      46.37904      115.4529      568.3129
30-Mar-2023 18:53:06 1200.00 300.00 0.00 1e-08 1359046728458.048584 2200966830833.232422 406.481      46.37896      205.3075      658.1675
30-Mar-2023 18:54:18 1250.00 300.00 0.00 1e-09 1342294129103.233887 2338825911158.971680 354.8817     0.4920521      19.44357      374.8173
30-Mar-2023 18:55:30 1250.00 300.00 0.00 1.77828e-09 1342294141116.927734 2338817553034.018066 354.8816      0.492048      34.57611      389.9498
30-Mar-2023 18:56:44 1250.00 300.00 0.00 3.16228e-09 1342294131057.921631 2338821123383.179688 354.8816     0.4920497      61.48598      416.8597
30-Mar-2023 18:57:57 1250.00 300.00 0.00 5.62341e-09 1342294124600.599609 2338823798127.462891 354.8816     0.4920511      109.3392      464.7129
30-Mar-2023 18:59:10 1250.00 300.00 0.00 1e-08 1342294135532.876221 2338823250532.144043 354.8817     0.4920508      194.4357      549.8094
30-Mar-2023 19:00:30 1250.00 300.00 0.00 1e-09 1342127536755.063965 2335271027143.259766 354.3061      1.553644      19.50294      375.3627
30-Mar-2023 19:01:49 1250.00 300.00 0.00 1.77828e-09 1342127564076.573975 2335265493901.679199 354.3061      1.553633      34.68167      390.5414
30-Mar-2023 19:03:11 1250.00 300.00 0.00 3.16228e-09 1342127548926.707031 2335267735095.681152 354.3061      1.553638      61.67371      417.5334
30-Mar-2023 19:04:30 1250.00 300.00 0.00 5.62341e-09 1342127538478.976807 2335269427693.833984 354.3061      1.553641      109.6731      465.5328
30-Mar-2023 19:05:50 1250.00 300.00 0.00 1e-08 1342127548616.807129 2335269208894.558105 354.3061      1.553641      195.0294      550.8891
30-Mar-2023 19:07:11 1250.00 300.00 0.00 1e-09 1341711398308.262695 2324232985039.320801 352.843      4.890386       19.7201      377.4535
30-Mar-2023 19:08:32 1250.00 300.00 0.00 1.77828e-09 1341711454461.809082 2324235304787.547363 352.843      4.890389      35.06785      392.8013
30-Mar-2023 19:09:52 1250.00 300.00 0.00 3.16228e-09 1341711440399.317627 2324234937027.067871 352.843      4.890389      62.36043      420.0938
30-Mar-2023 19:11:13 1250.00 300.00 0.00 5.62341e-09 1341711424785.226562 2324234356567.830566 352.843      4.890388      110.8943      468.6277
30-Mar-2023 19:12:34 1250.00 300.00 0.00 1e-08 1341711426062.565430 2324234055279.466309 352.843      4.890388       197.201      554.9344
30-Mar-2023 19:13:50 1250.00 300.00 0.00 1e-09 1341414569037.399414 2288888216623.548340 351.7231      15.23971      20.69947      387.6623
30-Mar-2023 19:15:04 1250.00 300.00 0.00 1.77828e-09 1341414667234.282715 2288913276809.626953 351.7231      15.23988      36.80945      403.7724
30-Mar-2023 19:16:21 1250.00 300.00 0.00 3.16228e-09 1341414685186.507812 2288916623428.605957 351.7231       15.2399      65.45748      432.4205
30-Mar-2023 19:17:38 1250.00 300.00 0.00 5.62341e-09 1341414696188.581055 2288917630376.657715 351.7231      15.23991      116.4017      483.3647
30-Mar-2023 19:18:54 1250.00 300.00 0.00 1e-08 1341414708405.161621 2288918911420.801758 351.7231      15.23992      206.9947      573.9578
30-Mar-2023 19:20:17 1250.00 300.00 0.00 1e-09 1351103089575.970947 2174440653443.196777 380.674      45.83392      25.89539      452.4033
30-Mar-2023 19:21:31 1250.00 300.00 0.00 1.77828e-09 1351103088581.159668 2174437654694.289551 380.674      45.83383      46.04923      472.5571
30-Mar-2023 19:22:46 1250.00 300.00 0.00 3.16228e-09 1351103098664.056396 2174440863192.655029 380.674      45.83394      81.88841      508.3964
30-Mar-2023 19:24:02 1250.00 300.00 0.00 5.62341e-09 1351103111863.515137 2174442254446.925781 380.674        45.834      145.6205      572.1285
30-Mar-2023 19:25:22 1250.00 300.00 0.00 1e-08 1351103124473.322510 2174443659253.144043 380.674      45.83405      258.9539       685.462
